000001
000008
000011
000017
000020
000021
000028
000029
000030
000031
000039
000042
000051
000056
000057
000058
000059
000061
000062
000063
000065
000066
000071
000072
000073
000075
000082
000083
000091
000110
000117
000120
000121
000124
000125
000126
000127
000136
000142
000165
000166
000167
000172
000173
000176
000178
000189
000190
000195
000196
000199
000209
000214
000215
000218
000219
000220
000241
000242
000248
000251
000256
000259
000263
000270
000273
000279
000291
000292
000293
000294
000308
000309
000311
000312
000313
000314
000316
000317
000318
000326
000327
000328
000336
000339
000354
000362
000363
000367
000368
000373
000376
000387
000388
000390
000394
000404
000408
000409
000410
000411
000414
000417
000418
000423
000428
000429
000430
000431
000432
000433
000452
000457
000458
000462
000471
000477
000478
000480
000496
000497
000501
000502
000507
000508
000511
000512
000513
000520
000522
000523
000524
000526
000527
000529
000530
000531
000532
000534
000535
000538
000541
000545
000547
000549
000550
000551
000554
000556
000557
000566
000567
000571
000572
000573
000574
000577
000584
000585
000586
000587
000589
000590
000591
000592
000594
000595
000596
000597
000598
000601
000603
000609
000612
000613
000619
000622
000623
000624
000628
000632
000634
000639
000646
000649
000654
000656
000663
000664
000667
000672
000674
000675
000679
000684
000688
000689
000690
000695
000696
000697
000698
000706
000708
000711
000714
000717
000727
000729
000739
000742
000743
000746
000747
000751
000753
000754
000755
000756
000757
000761
000762
000763
000767
000772
000774
000775
000776
000778
000780
000788
000793
000794
000796
000800
000803
000804
000805
000822
000823
000824
000825
000826
000827
000828
000831
000835
000841
000843
000844
000845
000849
000850
000854
000865
000866
000867
000870
000877
000878
000879
000880
000884
000887
000892
000893
000894
000904
000910
000911
000913
000916
000924
000925
000926
000928
000932
000933
000935
000936
000939
000940
000942
000945
000946
000948
000950
000953
000954
000955
000960
000961
000962
000963
000965
000966
000967
000968
000969
000970
000971
000972
000974
000975
000976
000977
000978
000979
000985
000986
000991
000992
000993
000994
000995
000996
001000
001004
001005
001007
001008
001009
001014
001015
001016
001017
001018
001027
001028
001029
001030
001034
001036
001037
001039
001040
001042
001043
001044
001045
001047
001048
001050
001051
001052
001053
001054
001056
001059
001060
001064
001067
001068
001069
001070
001071
001072
001073
001074
001075
001076
001088
001097
001102
001103
001104
001105
001106
001110
001111
001112
001113
001115
001116
001117
001118
001119
001120
001121
001122
001123
001124
001125
001126
001127
001128
001133
001135
001136
001139
001140
001141
001142
001143
001144
001146
001147
001148
001149
001150
001152
001154
001156
001157
001158
001159
001162
001163
001164
001165
001166
001167
001168
001169
001170
001171
001172
001173
001174
001178
001179
001180
001181
001182
001183
001184
001185
001186
001188
001189
001190
001191
001192
001193
001194
001195
001196
001197
001198
001201
001202
001203
001204
001205
001206
001207
001208
001209
001210
001214
001215
001216
001217
001218
001219
001220
001221
001222
001223
001224
001225
001226
001227
001228
001229
001230
001231
001236
001237
001239
001241
001242
001243
001244
001245
001247
001249
001250
001252
001253
001254
001255
001256
001259
001261
001262
001263
001264
001265
001266
001267
001268
001270
001271
001272
001273
001275
001276
001277
001278
001279
001280
001281
001282
001283
001284
001285
001286
001287
001289
001290
001291
001294
001295
001296
001297
001298
001300
001301
001302
001303
001304
001305
001306
001307
001309
001310
001311
001312
001313
001314
001315
001316
001318
001319
001320
001321
001322
001323
001324
001325
001326
001327
001328
001329
001330
001331
001332
001333
001334
001335
001336
001337
001338
001339
001340
001341
001342
001343
001344
001345
001347
001348
001349
001351
001352
001355
001357
001358
001359
001361
001362
001363
001364
001365
001366
001367
001369
001370
001371
001373
001375
001376
001377
001378
001379
001380
001381
001382
001384
001385
001387
001388
001389
001390
001392
001393
001396
001397
001398
001399
001400
001402
001403
001404
001405
001406
001407
001408
001409
001410
001411
001412
001413
001414
001415
001416
001417
001418
001419
001420
001421
001422
001423
001424
001425
001426
001427
001429
001430
001431
001433
001437
001438
001443
001444
001445
001446
001447
001448
001449
001453
001454
001455
001456
001457
001458
001459
001460
001463
001464
001466
001467
001468
001469
001470
001471
001473
001474
001475
001476
001479
001480
001482
001483
001484
001485
001487
001488
001489
001490
001491
001492
001493
001494
001495
001496
001498
001499
001500
001501
001502
001503
001504
001505
001506
001507
001508
001510
001511
001513
001515
001517
001518
001520
001521
001522
001524
001528
001530
001531
001532
001533
001534
001535
001536
001537
001538
001539
001540
001541
001542
001543
001547
001548
001549
001550
001551
001552
001553
001554
001555
001556
001557
001558
001559
001560
001561
001563
001564
001565
001566
001567
001568
001569
001570
001572
001573
001574
001576
001577
001579
001580
001581
001582
001583
001584
001585
001586
001587
001588
001589
001590
001591
001592
001593
001594
001595
001596
001597
001598
001599
001600
001601
001602
001603
001604
001605
001606
001607
001608
001609
001610
001611
001612
001613
001614
001615
001616
001617
001618
001620
001622
001623
001626
001628
001629
001630
001631
001632
001633
001634
001635
001636
001637
001638
001639
001640
001641
001643
001644
001645
001648
001649
001650
001651
001654
001656
001657
001659
001662
001663
001664
001665
001667
001670
001671
001672
001673
001674
001675
001676
001677
001679
001680
001681
001682
001683
001685
001686
001687
001688
001692
001694
001695
001696
001701
001702
001703
001704
001705
001706
001707
001708
001709
001710
001711
001712
001713
001714
001715
001716
001717
001718
001719
001720
001721
001722
001723
001724
001725
001726
001727
001728
001729
001730
001731
001732
001733
001734
001735
001736
001738
001739
001740
001741
001742
001743
001744
001745
001746
001750
001753
001754
001755
001756
001757
001758
001759
001760
001761
001762
001763
001764
001765
001766
001769
001770
001771
001772
001773
001775
001777
001778
001780
001781
001782
001786
001789
001790
001791
001792
001794
001795
001796
001797
001798
001799
001800
001801
001802
001803
001806
001807
001808
001809
001810
001811
001813
001815
001816
001817
001818
001822
001823
001824
001825
001827
001829
001830
001832
001834
001835
001836
001837
001838
001839
001840
001841
001844
001845
001846
001849
001850
001851
001852
001856
001857
001858
001861
001864
001865
001866
001869
001874
001875
001877
001878
001879
001880
001881
001882
001883
001884
001885
001886
001887
001888
001890
001891
001892
001896
001897
001898
001899
001901
001902
001903
001904
001905
001907
001908
001910
001914
001915
001917
001922
001923
001924
001927
001928
001932
001933
001938
001939
001940
001942
001943
001947
001951
001954
001955
001956
001959
001965
001966
001967
001970
001972
001974
001975
001978
001979
001983
001984
001985
001986
001990
001997
001998
002000
002001
002003
002004
002005
002006
002007
002009
002010
002011
002013
002014
002015
002016
002017
002018
002019
002020
002021
002023
002024
002025
002026
002027
002028
002029
002030
002031
002033
002034
002035
002036
002039
002040
002041
002042
002043
002045
002046
002047
002049
002051
002052
002053
002054
002055
002056
002057
002058
002059
002060
002061
002062
002063
002064
002067
002068
002069
002070
002071
002072
002075
002076
002079
002080
002081
002082
002083
002084
002085
002087
002088
002089
002090
002091
002092
002093
002094
002095
002096
002097
002098
002099
002100
002101
002102
002103
002104
002105
002106
002110
002111
002112
002114
002115
002116
002117
002118
002119
002120
002121
002123
002124
002125
002128
002129
002130
002131
002132
002133
002134
002135
002136
002137
002141
002142
002144
002145
002146
002147
002148
002149
002152
002153
002154
002155
002156
002157
002158
002159
002160
002161
002162
002163
002164
002165
002167
002168
002170
002172
002173
002174
002177
002178
002179
002180
002181
002182
002186
002187
002189
002190
002191
002192
002193
002194
002196
002197
002199
002203
002204
002207
002208
002209
002210
002211
002212
002213
002214
002216
002217
002220
002221
002222
002223
002224
002225
002226
002227
002228
002229
002231
002232
002233
002236
002237
002242
002244
002249
002250
002251
002252
002256
002258
002259
002261
002262
002263
002264
002269
002270
002271
002272
002273
002280
002281
002282
002288
002290
002291
002292
002293
002294
002295
002296
002297
002300
002301
002303
002304
002305
002307
002308
002309
002310
002311
002312
002313
002314
002315
002316
002317
002319
002322
002323
002326
002327
002328
002330
002331
002332
002333
002334
002335
002338
002339
002340
002345
002350
002358
002360
002363
002364
002365
002366
002367
002368
002369
002370
002371
002372
002373
002374
002375
002376
002378
002383
002384
002385
002386
002387
002388
002389
002398
002399
002407
002408
002409
002410
002411
002412
002413
002414
002415
002416
002417
002418
002419
002420
002424
002425
002430
002431
002432
002433
002434
002435
002436
002440
002441
002443
002446
002449
002450
002451
002453
002454
002455
002456
002458
002461
002462
002465
002472
002482
002485
002489
002490
002494
002495
002496
002497
002498
002502
002503
002504
002505
002510
002512
002513
002514
002515
002516
002517
002518
002527
002530
002531
002533
002535
002536
002537
002538
002539
002540
002541
002542
002543
002544
002545
002547
002553
002555
002556
002557
002558
002559
002560
002561
002562
002563
002564
002565
002566
002567
002573
002574
002575
002576
002577
002580
002581
002582
002583
002584
002585
002588
002589
002590
002593
002594
002595
002596
002597
002598
002599
002601
002602
002604
002605
002610
002611
002612
002614
002615
002616
002617
002618
002619
002620
002621
002622
002623
002624
002626
002627
002628
002629
002630
002631
002634
002639
002640
002643
002644
002645
002648
002653
002654
002655
002656
002657
002658
002659
002660
002662
002663
002664
002665
002666
002667
002668
002669
002670
002671
002681
002682
002683
002685
002686
002690
002691
002692
002694
002695
002696
002697
002699
002700
002703
002707
002708
002713
002714
002715
002717
002718
002726
002727
002728
002729
002730
002731
002732
002745
002746
002767
002768
002769
002770
002771
002772
002773
002774
002776
002777
002778
002779
002780
002783
002784
002789
002790
002792
002793
002801
002802
002803
002804
002808
002809
002810
002813
002814
002819
002820
002821
002822
002823
002824
002831
002833
002834
002835
002836
002837
002838
002844
002845
002846
002849
002850
002851
002853
002854
002856
002857
002860
002861
002862
002863
002864
002865
002871
002885
002900
002903
002906
002907
002908
002910
002911
002913
002914
002919
002923
002931
002934
002935
002938
002939
002941
002942
002943
002944
002945
002952
002955
002959
002967
002968
002973
002974
002975
002976
002977
002978
002979
002980
002982
002983
002984
002987
002989
003000
003001
003004
003015
003016
003017
003025
003026
003027
003028
003029
003030
003031
003032
003033
003035
003036
003044
003045
003053
003054
003055
003059
003062
003063
003064
003079
003080
003081
003082
003083
003084
003085
003086
003095
003096
003104
003105
003106
003115
003116
003117
003118
003119
003120
003122
003125
003131
003132
003140
003141
003142
003143
003144
003145
003147
003148
003149
003150
003151
003152
003153
003154
003158
003161
003165
003166
003169
003170
003175
003182
003183
003184
003186
003187
003189
003190
003191
003194
003208
003215
003216
003224
003225
003230
003231
003232
003233
003234
003235
003238
003242
003247
003248
003250
003251
003261
003262
003275
003276
003279
003282
003283
003284
003291
003292
003293
003295
003298
003299
003300
003304
003305
003308
003311
003312
003318
003319
003320
003326
003327
003328
003331
003332
003333
003339
003340
003343
003344
003345
003346
003350
003351
003352
003353
003354
003355
003356
003358
003359
003362
003366
003367
003368
003373
003374
003376
003377
003378
003379
003380
003396
003397
003403
003404
003405
003411
003412
003413
003414
003415
003416
003429
003432
003433
003434
003435
003436
003437
003446
003447
003456
003475
003476
003477
003484
003485
003488
003490
003491
003492
003493
003494
003495
003496
003501
003502
003503
003508
003509
003512
003513
003516
003524
003541
003548
003550
003554
003555
003556
003559
003560
003561
003562
003567
003578
003579
003580
003581
003582
003586
003587
003591
003592
003593
003594
003595
003596
003597
003598
003601
003602
003603
003604
003610
003611
003622
003623
003624
003625
003626
003632
003633
003634
003641
003642
003646
003647
003648
003655
003658
003659
003663
003666
003667
003670
003684
003685
003686
003687
003689
003690
003692
003693
003694
003695
003697
003698
003702
003704
003713
003714
003715
003717
003734
003735
003736
003738
003739
003745
003749
003750
003751
003754
003755
003756
003757
003758
003759
003760
003761
003762
003763
003765
003766
003769
003772
003773
003778
003779
003780
003782
003783
003784
003797
003798
003799
003800
003801
003802
003803
003804
003805
003806
003807
003808
003813
003814
003815
003817
003818
003820
003821
003828
003830
003831
003834
003835
003839
003840
003842
003843
003845
003846
003848
003849
003850
003851
003854
003855
003856
003857
003858
003861
003862
003865
003876
003877
003878
003882
003883
003884
003885
003886
003887
003889
003890
003895
003896
003900
003901
003902
003903
003906
003912
003913
003914
003915
003916
003917
003918
003919
003922
003923
003924
003925
003932
003933
003934
003935
003938
003939
003940
003941
003942
003943
003944
003945
003946
003950
003951
003954
003955
003956
003957
003958
003959
003960
003961
003962
003964
003966
003967
003970
003971
003974
003975
003980
003981
003984
003985
003986
003987
003988
003989
003990
003991
003992
003993
003995
003996
004000
004003
004004
004005
004006
004008
004009
004010
004011
004012
004013
004014
004015
004023
004036
004037
004040
004041
004044
004046
004047
004048
004050
004065
004069
004070
004075
004076
004081
004082
004083
004084
004085
004086
004091
004092
004093
004094
004096
004098
004099
004100
004101
004110
004111
004112
004113
004114
004115
004116
004119
004128
004129
004130
004131
004132
004135
004138
004139
004142
004143
004144
004145
004146
004147
004148
004149
004150
004153
004154
004155
004156
004157
004158
004165
004166
004171
004172
004175
004176
004182
004183
004189
004190
004191
004192
004193
004194
004195
004202
004205
004206
004207
004208
004209
004212
004218
004219
004221
004223
004224
004225
004226
004227
004228
004231
004232
004233
004234
004235
004236
004237
004241
004244
004245
004248
004249
004250
004252
004253
004258
004259
004260
004263
004265
004266
004268
004269
004270
004271
004272
004273
004276
004277
004278
004279
004280
004281
004283
004284
004287
004289
004292
004297
004298
004299
004300
004301
004302
004303
004304
004305
004306
004308
004309
004310
004311
004312
004313
004314
004315
004316
004317
004320
004321
004326
004327
004328
004329
004332
004335
004336
004337
004338
004339
004340
004341
004342
004343
004344
004345
004346
004347
004348
004351
004352
004353
004354
004355
004357
004358
004359
004360
004361
004362
004374
004375
004378
004379
004380
004381
004385
004390
004391
004392
004393
004394
004396
004397
004403
004404
004405
004406
004407
004408
004409
004410
004411
004412
004413
004416
004423
004429
004432
004433
004434
004435
004436
004437
004442
004443
004444
004446
004447
004448
004450
004451
004452
004453
004454
004455
004456
004457
004460
004466
004468
004475
004476
004477
004480
004481
004482
004483
004484
004485
004488
004489
004490
004491
004495
004496
004497
004505
004508
004510
004512
004513
004514
004517
004518
004519
004521
004522
004525
004532
004533
004534
004535
004536
004549
004551
004552
004558
004559
004560
004561
004565
004569
004573
004576
004587
004588
004592
004593
004595
004597
004598
004604
004605
004606
004607
004608
004609
004616
004617
004618
004620
004621
004634
004635
004636
004640
004641
004642
004643
004646
004648
004649
004652
004653
004659
004660
004666
004670
004671
004674
004675
004676
004677
004680
004683
004685
004686
004694
004698
004702
004703
004707
004712
004713
004714
004715
004716
004719
004720
004721
004724
004725
004726
004727
004728
004729
004730
004731
004732
004734
004735
004737
004740
004741
004742
004743
004744
004745
004746
004747
004748
004750
004751
004752
004753
004756
004757
004763
004764
004768
004769
004772
004773
004774
004775
004777
004783
004784
004785
004812
004813
004818
004819
004827
004828
004829
004845
004846
004848
004851
004852
004853
004854
004855
004856
004857
004858
004868
004870
004871
004874
004875
004876
004881
004883
004884
004888
004889
004890
004895
004897
004898
004900
004901
004905
004907
004908
004913
004914
004915
004916
004925
004932
004933
004935
004936
004937
004944
004945
004946
004947
004948
004951
004958
004965
004966
004975
004986
004987
004988
004989
004995
004996
004997
005000
005001
005005
005006
005007
005009
005014
005015
005018
005027
005028
005033
005034
005035
005036
005037
005038
005039
005040
005043
005044
005047
005048
005049
005050
005051
005052
005053
005055
005059
005061
005062
005063
005064
005075
005076
005082
005083
005084
005085
005088
005089
005094
005106
005108
005109
005110
005111
005112
005113
005114
005117
005118
005119
005120
005123
005125
005126
005129
005130
005133
005136
005140
005141
005142
005143
005146
005154
005155
005161
005167
005169
005170
005176
005177
005178
005183
005186
005187
005191
005192
005197
005198
005206
005207
005209
005210
005211
005226
005228
005231
005232
005233
005235
005236
005237
005238
005239
005240
005244
005245
005247
005250
005251
005252
005256
005257
005258
005260
005261
005262
005263
005265
005266
005267
005268
005269
005270
005279
005280
005282
005283
005290
005291
005292
005294
005296
005297
005303
005304
005310
005328
005335
005341
005342
005343
005344
005352
005353
005354
005360
005370
005379
005380
005402
005409
005414
005415
005450
005453
005454
005474
005475
005495
005496
005521
005522
020001
020003
020005
020009
020010
020011
020015
020018
020021
020022
020023
020026
040001
040002
040004
040005
040007
040008
040011
040015
040016
040020
040025
040035
040180
040190
050001
050002
050004
050007
050008
050009
050010
050012
050013
050014
050018
050021
050022
050024
050026
050029
050201
070001
070002
070003
070006
070010
070011
070013
070017
070018
070019
070021
070022
070023
070027
070030
070032
070099
080001
080002
080005
080007
080008
080012
080015
090001
090003
090004
090006
090007
090009
090010
090011
090012
090013
090015
090016
090018
090019
090020
100016
100020
100022
100026
100029
100032
100038
100039
100053
100056
100060
110001
110002
110003
110005
110009
110010
110011
110012
110013
110015
110019
110022
110023
110025
110026
110029
110030
110031
110032
110033
112002
121002
121003
121005
121006
121008
121010
150008
150009
150012
150016
150017
150018
150019
150022
150023
150028
150029
150030
150032
150033
150036
150037
150047
150048
150049
150050
150051
150053
150054
150055
150056
150057
150058
150059
150064
150065
150066
150067
150073
150075
150076
150077
150083
150084
150090
150091
150092
150093
150094
150095
150100
150103
150104
150105
150106
150107
150112
150113
150117
150118
150121
150122
150123
150124
150130
150131
150135
150136
150138
150139
150143
150144
150145
150146
150148
150149
150150
150152
150153
150157
150158
150159
150164
150167
150168
150169
150170
150171
150172
150173
150174
150175
150176
150177
150178
150179
150180
150181
150182
150184
150185
150186
150187
150190
150192
150193
150194
150195
150196
150198
150199
150200
150203
150204
150205
150206
150207
150208
150209
150210
150211
150212
150213
150214
150215
150217
150219
150220
150221
150222
150223
150225
150227
150228
150229
150230
150231
150233
150235
150237
150241
150242
150243
150245
150247
150249
150250
150251
150255
150256
150257
150259
150261
150263
150265
150267
150268
150269
150270
150271
150273
150275
150277
150279
150281
150282
150283
150284
150287
150289
150290
150291
150292
150293
150295
150297
150298
150299
150300
150301
150303
150305
150306
150307
150309
150311
150315
150317
150321
150323
150324
150325
150327
150329
150330
150331
150332
150335
150343
150968
151001
159902
159905
159906
159908
159910
159912
159913
159915
159918
159920
159923
159924
159928
159929
159930
159931
159933
159935
159936
159938
159939
159940
159944
159945
159946
159949
159950
159951
159952
159953
159955
159957
159958
160105
160106
160119
160127
160128
160133
160137
160138
160139
160211
160212
160215
160218
160219
160220
160222
160223
160225
160226
160311
160314
160322
160323
160324
160415
160417
160418
160421
160422
160505
160512
160513
160514
160517
160518
160519
160520
160521
160522
160524
160525
160603
160605
160607
160610
160611
160613
160615
160616
160617
160618
160621
160622
160625
160626
160628
160629
160630
160631
160632
160642
160643
160706
160716
160717
160722
160805
160807
160808
160809
160812
160813
160814
160910
160915
160918
160919
160921
160922
160924
161005
161010
161015
161017
161019
161022
161024
161025
161026
161028
161029
161033
161035
161036
161037
161038
161115
161117
161118
161121
161124
161207
161211
161213
161216
161217
161219
161222
161223
161224
161225
161227
161232
161233
161505
161506
161507
161601
161604
161605
161606
161607
161609
161610
161611
161612
161613
161614
161616
161626
161627
161631
161706
161713
161715
161718
161720
161721
161722
161723
161725
161727
161811
161812
161813
161816
161818
161824
161825
161831
161834
161835
161903
161907
161908
161910
161911
162006
162010
162102
162105
162107
162201
162202
162203
162204
162205
162207
162208
162209
162211
162212
162213
162214
162215
162216
162307
162414
162510
162511
162605
162607
162703
162711
162712
162714
162717
162718
162907
163001
163003
163007
163109
163110
163111
163113
163114
163115
163118
163119
163209
163210
163302
163402
163406
163407
163409
163411
163412
163415
163503
163801
163803
163804
163805
163807
163808
163809
163810
163818
163819
163821
163822
163823
163825
164105
164205
164206
164208
164210
164302
164304
164401
164402
164403
164508
164509
164510
164606
164702
164703
164705
164808
164809
164811
164819
164823
164905
164908
165309
165310
165311
165312
165313
165315
165317
165508
165509
165511
165512
165515
165516
165519
165520
165521
165522
165525
165526
165527
165528
165531
165705
165707
165806
165807
166001
166002
166005
166006
166007
166009
166011
166012
166019
166020
166021
166022
166023
166024
166105
166301
166401
166402
166801
166802
166904
167001
167002
167003
167004
167301
167501
167601
167702
167703
167704
168001
168002
168101
168102
168103
168104
168105
168106
168107
168108
168204
168205
168301
168401
168501
169101
169102
169103
169104
169105
169201
180001
180002
180003
180010
180012
180013
180018
180020
180028
180031
180033
200001
200002
200006
200007
200008
200010
200011
200012
200015
200016
202001
202002
202003
202005
202007
202009
202011
202019
202023
202027
202202
202211
202212
202213
206001
206002
206005
206007
206009
206010
206012
206013
210001
210002
210003
210004
210005
210006
210007
210008
210009
210010
210011
210014
213001
213002
213003
213006
213008
213010
217001
217002
217005
217009
217010
217012
217013
217016
217020
217021
217024
217027
229002
233001
233006
233007
233008
233009
233010
233011
233015
240001
240002
240004
240005
240008
240009
240010
240011
240014
240016
240017
240019
240020
240022
253010
255010
257010
257020
257030
257040
257050
257060
257070
260101
260103
260104
260108
260109
260110
260111
260112
260115
260116
260117
270001
270002
270005
270006
270007
270008
270010
270021
270022
270025
270026
270028
270041
270050
288001
288002
290002
290004
290005
290006
290008
290010
290011
290012
290014
310308
310318
310328
310358
310368
310388
310398
320001
320003
320005
320006
320007
320010
320011
320012
320014
320015
320016
320018
320020
320022
340001
340006
340007
340008
350001
350002
350005
350007
350008
360001
360005
360006
360007
360010
360011
360012
360016
370023
370024
370027
373010
373020
375010
376510
377010
377020
377150
377240
377530
378010
379010
393001
398001
398011
398021
398031
398041
398051
398061
399001
399011
400001
400003
400007
400011
400013
400015
400018
400020
400022
400023
400025
400032
410001
410003
410006
410007
410008
410009
410010
420001
420003
420005
420009
450001
450002
450003
450004
450007
450008
450009
450010
450011
460001
460002
460005
460007
460009
460220
460300
470006
470007
470008
470009
470018
470028
470068
470098
481001
481004
481006
481008
481009
481010
481012
481013
481015
481017
483003
487016
487021
501000
501001
501002
501003
501005
501006
501007
501008
501009
501010
501011
501012
501015
501016
501017
501019
501020
501021
501022
501023
501025
501026
501027
501028
501029
501030
501031
501032
501033
501035
501036
501037
501038
501039
501040
501041
501042
501043
501045
501046
501047
501048
501049
501050
501051
501053
501101
501102
501103
501105
501301
501302
501303
501305
501306
502001
502004
502007
502011
502014
502016
502017
502018
502021
502023
502024
502025
502026
502027
502028
502031
502037
502040
502041
502042
502049
502053
502054
502055
502057
505888
510010
510050
510081
510090
510160
510180
510260
510270
510280
510290
510310
510360
510380
510410
510420
510430
510440
510510
510520
510630
510650
510660
510680
510800
510810
510820
510900
512000
512010
512070
512100
512120
512200
512210
512220
512230
512300
512310
512330
512340
512400
512550
512560
512570
512580
512600
512610
512640
512680
512700
512800
512810
512900
512990
519001
519002
519003
519005
519007
519008
519011
519013
519015
519017
519018
519019
519021
519022
519025
519026
519027
519029
519032
519033
519034
519035
519039
519050
519056
519058
519059
519062
519066
519068
519069
519087
519089
519091
519093
519095
519097
519099
519100
519110
519113
519115
519116
519117
519120
519125
519126
519127
519130
519132
519133
519134
519139
519150
519156
519157
519158
519165
519167
519170
519171
519172
519173
519175
519176
519177
519180
519181
519183
519185
519191
519193
519195
519196
519197
519198
519212
519221
519222
519223
519224
519228
519229
519300
519606
519611
519612
519613
519614
519615
519616
519617
519618
519619
519620
519621
519623
519624
519625
519626
519627
519628
519629
519630
519633
519634
519640
519641
519642
519644
519646
519647
519648
519649
519650
519651
519652
519653
519654
519655
519656
519657
519664
519665
519668
519670
519671
519672
519673
519674
519675
519676
519677
519678
519679
519686
519688
519690
519692
519694
519697
519698
519700
519702
519704
519706
519710
519712
519714
519726
519727
519729
519732
519736
519738
519752
519753
519755
519756
519759
519760
519761
519764
519765
519766
519767
519768
519769
519770
519771
519772
519773
519778
519779
519781
519908
519909
519915
519918
519929
519931
519935
519949
519951
519956
519957
519959
519960
519961
519962
519963
519965
519969
519971
519975
519979
519983
519987
519991
519993
519994
519996
530001
530003
530005
530006
530010
530011
530012
530015
530016
530018
530019
540001
540002
540003
540006
540007
540008
540009
540010
540012
550001
550002
550003
550008
550009
550015
550016
560002
560003
560006
570001
570005
570006
570007
570008
571002
580001
580002
580003
580005
580006
580007
580008
580009
582003
585001
590001
590002
590003
590005
590006
590007
590008
610001
610002
610004
610005
610006
610007
620001
620002
620004
620005
620006
620007
620008
620009
630001
630002
630005
630006
630008
630010
630011
630015
630016
660001
660003
660004
660005
660006
660008
660010
660011
660012
660015
671010
673010
673020
673030
673040
673043
673050
673060
673071
673073
673081
673083
673090
673100
673110
673120
680001
688888
690001
690003
690004
690005
690007
690008
690009
690011
700001
700002
700003
700004
710001
710002
720001
720003
730001
730002
740001
740101
750001
750005
762001
770001
