000001
000008
000011
000017
000020
000021
000028
000029
000030
000031
000039
000042
000051
000056
000057
000058
000059
000061
000062
000063
000065
000066
000071
000072
000073
000075
000082
000083
000091
000110
000117
000120
000121
000124
000125
000126
000127
000136
000142
000165
000166
000167
000172
000173
000176
000189
000190
000199
000209
000211
000214
000215
000218
000219
000220
000241
000242
000248
000251
000256
000259
000263
000270
000273
000279
000294
000308
000309
000311
000312
000313
000314
000316
000317
000318
000326
000327
000328
000336
000339
000354
000362
000363
000367
000368
000373
000376
000387
000388
000390
000394
