000001
000008
000011
000017
000020
000021
000028
000029
000030
000031
000039
000042
000051
000056
000057
000058
000059
000061
000062
000063
000065
000066
000071
000072
000073
000075
000082
000083
000091
000110
000117
000120
000121
000124
000125
000126
000127
000136
000142
000165
000166
000167
000172
000173
000176
000189
000190
000199
000209
000211
000214
000215
000218
000219
000220
000241
000242
000248
000251
000256
000259
000263
000270
000273
000279
000294
000308
000309
000311
000312
000313
000314
000316
000317
000318
000326
000327
000328
000336
000339
000354
000362
000363
000367
000368
000373
000376
000387
000388
000390
000394
000404
000408
000409
000410
000411
000414
000417
000418
000423
000428
000429
000430
000431
000432
000433
000434
000452
000457
000458
000462
000471
000477
000478
000480
000496
000497
000507
000508
000511
000512
000513
000520
000522
000523
000524
000526
000527
000529
000530
000531
000532
000534
000535
000538
000541
000545
000547
000549
000550
000551
000554
000556
000557
000566
000567
000571
000572
000573
000574
000577
000584
000585
000586
000587
000589
000590
000591
000592
000594
000595
000596
000597
000598
000601
000603
000609
000612
000613
000619
000622
000623
000624
000628
000634
000639
000646
000649
000654
000656
000663
000664
000667
000672
000674
000675
000679
000684
000688
000689
000690
000695
000696
000697
000698
000706
000708
000711
000714
000717
000727
000729
000739
000742
000743
000746
000747
000751
000753
000754
000755
000756
000757
000761
000762
000763
000767
000772
000778
000780
000788
000793
000794
000796
000800
000803
000804
000805
000822
000823
000824
000825
000826
000827
000828
000831
000835
000841
000843
000844
000845
000849
000850
000854
000865
000866
000867
000870
000871
000872
000877
000878
000879
000880
000884
000887
000892
000893
000910
000911
000913
000916
000924
000925
000926
000928
000932
000933
000935
000936
000939
000940
000942
000945
000946
000948
000950
000953
000954
000955
000960
000961
000962
000963
000965
000966
000967
000968
000969
000971
000972
000974
000975
000976
000977
000978
000979
000985
000986
000991
000993
000994
000995
000996
001000
001004
001005
001007
001008
001009
001014
001015
001016
001017
001018
001027
001028
001029
001030
001036
001037
001039
001040
001042
001043
001044
001045
001047
001048
001050
001051
001052
001053
001054
001056
001059
001060
001064
001067
001068
001069
001070
001071
001072
001073
001074
001075
001076
001088
001097
001102
001103
001104
001105
001106
001110
001111
001112
001113
001115
001116
001117
001118
001119
001120
001121
001122
001123
001124
001125
001126
001127
001128
001133
001135
001136
001139
001140
001141
001142
001143
001144
001146
001147
001148
001149
001150
001152
001154
001156
001157
001158
001159
001162
001163
001164
001165
001166
001167
001168
001170
001171
001172
001173
001174
001178
001179
001180
001181
001182
001183
001184
001185
001186
001188
001189
001190
001191
001192
001193
001194
001195
001196
001197
001198
001201
001202
001203
001204
001205
001206
001207
001208
001209
001210
001214
001215
001216
001217
001218
001219
001220
001222
001223
001224
001225
001226
001227
001228
001229
001230
001231
001236
001237
001239
001241
001242
001243
001244
001245
001247
001249
001250
001252
001253
001254
001255
001256
001259
001261
001262
001263
001264
001265
001266
001267
001268
001270
001271
001272
001273
001275
001276
001277
001278
001279
001280
001281
001282
001283
001284
001285
001286
001287
001289
001290
001291
001294
001295
001296
001297
001298
001300
001301
001302
001303
001304
001305
001306
001307
001310
001311
001312
001313
001314
001315
001316
001318
001319
001320
001321
001322
001323
001324
001325
001326
001327
001328
001329
001330
001331
001332
001333
001334
001335
001336
001337
001338
001339
001340
001341
001342
001343
001344
001345
001347
001348
001349
001351
001352
001355
001357
001358
001359
001361
001362
001363
001364
001365
001366
001367
001370
001371
001373
001375
001376
001377
001378
001379
001380
001381
001382
001384
001385
001387
001388
001389
001390
001392
001393
001396
001397
001398
001399
001400
001402
001403
001404
001405
001406
001407
001408
001409
001410
001411
001412
001413
001414
001415
001416
001417
001418
001419
001420
001421
001422
001423
001424
001425
001426
001427
001429
001430
001431
001433
001437
001438
001441
001442
001443
001444
001445
001446
001447
001448
001449
001453
001454
001455
001456
001457
001458
001459
001460
001463
001464
001466
001467
001468
001469
001470
001471
001473
001474
001475
001476
001479
001480
001482
001484
001485
001487
001488
001489
001490
001494
001495
001496
001498
001499
001500
001503
001504
001505
001506
001507
001508
001510
001511
001513
001515
001518
001520
001521
001522
001524
001528
001530
001531
001532
001533
001534
001535
001536
001537
001538
001539
001540
001541
001542
001543
001547
001548
001549
001550
001551
001552
001553
001554
001555
001556
001557
001558
001559
001560
001561
001562
001563
001564
001565
001566
001567
001569
001570
001572
001573
001574
001576
001577
001579
001580
001581
001582
001583
001586
001587
001588
001589
001590
001591
001592
001593
001594
001595
001596
001597
001598
001599
001600
001601
001602
001603
001604
001605
001606
001607
001608
001609
001610
001611
001612
001613
001614
001616
001617
001618
001620
001622
001623
001626
001628
001629
001630
001631
001632
001633
001634
001635
001636
001637
001638
001639
001640
001641
001643
001644
001645
001648
001649
001650
001651
001654
001656
001657
001659
001660
001662
001663
001664
001665
001667
001670
001671
001672
001673
001674
001675
001676
001677
001679
001680
001681
001682
001683
001685
001686
001687
001688
001692
001694
001695
001696
001701
001702
001703
001704
001705
001706
001707
001708
001709
001710
001711
001712
001713
001714
001715
001716
001717
001718
001719
001720
001721
001722
001723
001724
001725
001726
001727
001728
001729
001730
001731
001732
001733
001734
001735
001736
001738
001739
001740
001741
001742
001743
001744
001745
001746
001747
001748
001749
001750
001753
001754
001755
001756
001757
001758
001759
001760
001761
001762
001763
001764
001765
001766
001769
001770
001771
001772
001773
001775
001777
001778
001780
001781
001782
001786
001789
001790
001791
001792
001794
001795
001796
001797
001798
001799
001800
001801
001802
001803
001806
001807
001808
001809
001810
001811
001813
001815
001816
001817
001818
001822
001823
001824
001825
001827
001829
001830
001832
001834
001835
001836
001837
001838
001839
001844
001845
001846
001849
001850
001851
001852
001856
001857
001858
001861
001864
001865
001866
001869
001874
001875
001877
001878
001879
001880
001881
001882
001883
001884
001885
001886
001887
001888
001890
001891
001892
001896
001897
001898
001899
001901
001902
001903
001904
001905
001907
001908
001910
001914
001915
001917
001922
001923
001924
001927
001928
001932
001933
001935
001936
001938
001939
001940
001942
001943
001947
001951
001954
001955
001956
001959
001965
001966
001967
001970
001972
001974
001975
001978
001979
001983
001984
001985
001986
001990
001997
001998
002000
002001
002003
002004
002005
002006
002007
002009
002010
002011
002013
002014
002015
002016
002017
002018
002019
002020
002021
002023
002024
002025
002026
002027
002028
002029
002030
002031
002035
002036
002039
002040
002041
002042
002043
002046
002047
002049
002051
002052
002053
002054
002055
002056
002057
002058
002059
002060
002061
002062
002063
002064
002067
002068
002069
002070
002071
002072
002075
002076
002079
002080
002081
002082
002083
002084
002085
002087
002088
002089
002090
002091
002092
002093
002094
002095
002096
002097
002098
002099
002100
002101
002102
002103
002104
002105
002106
002110
002111
002112
002114
002115
002116
002117
002118
002119
002120
002121
002123
002124
002125
002128
002129
002130
002131
002132
002133
002134
002135
002136
002137
002141
002142
002144
002145
002146
002147
002148
002149
002152
002155
002156
002157
002158
002159
002160
002161
002162
002163
002164
002165
002167
002168
002170
002172
002173
002174
002177
002178
002179
002180
002181
002182
002186
002189
002190
002191
002192
002193
002194
002196
002197
002199
002204
002207
002208
002209
002210
002211
002212
002213
002214
002216
002217
002220
002221
002222
002225
002226
002227
002228
002229
002231
002232
002233
002236
002237
002242
002244
002249
002250
002251
002252
002256
002258
002259
002261
002262
002263
002264
002270
002271
002272
002273
002280
002281
002282
002288
002289
002290
002291
002292
002293
002294
002295
002296
002297
002300
002301
002303
002304
002305
002307
002309
002310
002311
002312
002313
002314
002315
002316
002317
002319
002322
002323
002326
002327
002328
002330
002331
002332
002333
002334
002335
002338
002339
002340
002345
002350
002358
002360
002363
002364
002365
002366
002367
002370
002371
002372
002373
002374
002376
002378
002379
002380
002383
002384
002385
002386
002387
002388
002389
002398
002399
002407
002408
002409
002410
002411
002412
002413
002414
002415
002416
002417
002418
002419
002420
002424
002425
002430
002431
002433
002434
002435
002436
002441
002443
002446
002449
002450
002451
002453
002454
002455
002456
002458
002461
002462
002463
002465
002472
002480
002482
002485
002489
002490
002494
002495
002496
002497
002498
002502
002503
002504
002505
002510
002512
002513
002514
002515
002518
002527
002533
002535
002536
002537
002540
002541
002542
002543
002544
002545
002547
002553
002555
002556
002558
002559
002560
002561
002562
002563
002564
002567
002573
002574
002577
002580
002581
002582
002583
002584
002585
002588
002593
002594
002595
002596
002597
002598
002599
002601
002602
002604
002605
002610
002611
002612
002614
002615
002616
002617
002618
002619
002620
002621
002622
002623
002624
002628
002629
002630
002631
002634
002639
002640
002643
002644
002645
002648
002649
002653
002654
002655
002656
002657
002658
002659
002660
002662
002663
002664
002665
002666
002667
002668
002669
002670
002671
002681
002682
002683
002685
002686
002690
002691
002692
002694
002695
002696
002697
002699
002700
002703
002707
002708
002713
002714
002715
002717
002718
002726
002727
002728
002729
002730
002731
002732
002745
002746
002767
002768
002769
002770
002771
002772
002773
002774
002776
002777
002778
002779
002780
002783
002784
002789
002790
002792
002793
002801
002802
002803
002804
002808
002809
002810
002813
002814
002819
002820
002823
002824
002831
002833
002837
002838
002844
002845
002846
002849
002850
002851
002853
002854
002856
002857
002860
002861
002862
002863
002864
002865
002871
002885
002900
002903
002906
002907
002910
002911
002913
002919
002923
002931
002934
002935
002938
002939
002941
002942
002943
002944
002945
002952
002955
002959
002967
002968
002973
002974
002975
002976
002977
002978
002979
002980
002982
002983
002984
002987
002989
003000
003001
003015
003016
003017
003025
003026
003027
003028
003029
003030
003031
003032
003033
003035
003036
003044
003045
003053
003054
003062
003063
003064
003069
003079
003080
003081
003082
003083
003084
003085
003086
003095
003096
003104
003105
003106
003115
003116
003117
003118
003119
003120
003125
003131
003132
003140
003141
003142
003143
003144
003145
003147
003148
003149
003150
003151
003152
003153
003154
003161
003165
003166
003169
003170
003175
003182
003183
003184
003186
003187
003189
003190
003191
003194
003208
003215
003216
003224
003225
003230
003231
003232
003233
003234
003235
003238
003242
003247
003248
003261
003262
003267
003275
003276
003279
003282
003283
003284
003291
003292
003293
003295
003298
003299
003300
003304
003305
003308
003312
003318
003319
003320
003327
003328
003332
003333
003343
003344
003345
003346
003350
003351
003352
003353
003354
003358
003359
003362
003366
003367
003368
003373
003374
003376
003377
003378
003379
003380
003385
003386
003387
003396
003397
003403
003411
003412
003413
003414
003415
003416
003429
003432
003433
003434
003435
003436
003437
003446
003447
003456
003475
003476
003477
003484
003485
003488
003490
003491
003492
003493
003494
003495
003496
003501
003502
003503
003512
003513
003516
003524
003548
003550
003554
003555
003556
003559
003560
003561
003562
003567
003578
003579
003580
003581
003582
003586
003587
003591
003592
003593
003594
003595
003596
003597
003598
003601
003602
003603
003604
003610
003611
003622
003623
003624
003625
003626
003634
003641
003642
003646
003647
003648
003655
003658
003659
003663
003666
003667
003670
003684
003685
003686
003687
003689
003690
003692
003693
003694
003695
003698
003702
003704
003713
003714
003715
003717
003734
003735
003738
003739
003745
003749
003750
003751
003754
003755
003756
003757
003762
003763
003765
003766
003769
003778
003779
003780
003797
003798
003799
003800
003801
003802
003803
003804
003805
003806
003807
003808
003814
003815
003817
003818
003820
003821
003828
003831
003834
003835
003839
003840
003842
003843
003845
003846
003848
003849
003850
003851
003854
003855
003857
003858
003861
003862
003865
003876
003877
003878
003882
003883
003884
003885
003886
003887
003889
003890
003895
003896
003902
003903
003906
003912
003913
003914
003915
003916
003917
003918
003919
003922
003923
003924
003925
003932
003933
003934
003935
003938
003939
003940
003943
003944
003945
003946
003950
003951
003954
003956
003957
003958
003961
003962
003966
003967
003970
003971
003984
003985
003986
003987
003988
003989
003990
003991
003992
003993
003995
003996
004000
004003
004004
004005
004006
004008
004009
004010
004011
004012
004013
004014
004015
004023
004036
004037
004040
004041
004044
004046
004047
004048
004050
004065
004069
004070
004075
004076
004081
004082
004083
004084
004085
004086
004091
004092
004093
004096
004098
004099
004100
004110
004111
004112
004113
004114
004115
004116
004119
004128
004129
004130
004131
004132
004135
004138
004139
004142
004143
004144
004145
004146
004147
004148
004149
004150
004153
004154
004155
004156
004157
004158
004161
004162
004164
004166
004171
004172
004175
004176
004182
004183
004189
004190
004191
004192
004193
004194
004195
004202
004205
004206
004207
004208
004209
004211
004212
004219
004221
004223
004224
004225
004226
004227
004228
004231
004232
004233
004234
004235
004236
004237
004241
004244
004249
004250
004252
004253
004258
004259
004260
004263
004266
004270
004271
004272
004273
004279
004280
004284
004287
004289
004292
004297
004298
004299
004300
004301
004302
004303
